mg: 3.35082e-26
gamma1: 1.6666666666666667
gamma2: '@(T,prop)(prop.gamma1+1)/(prop.gamma1-1)'